0.0
0.0
0.0
0.0
0.0
0.0
0.0
0.0
0.0
0.0
0.0
0.0
0.0
0.0
0.0
0.0
0.0
0.0
0.0
0.0
0.0
0.0
0.0
0.0
0.0
0.0
0.0
0.0
0.0
0.0
0.0
0.0
0.0
0.0
0.0
0.0
0.0
0.0
0.0
0.0
0.0
0.0
0.0
0.0
0.0
0.0
0.0
0.0
0.0
0.0
0.0
0.0
0.0
0.0
0.0
0.0
0.0
0.0
0.0
0.0
0.0
0.0
0.0
0.0
0.0
0.0
0.0
0.0
0.0
0.0
0.0
0.0
0.0
0.0
0.0
0.0
0.0
0.0
0.0
0.0
0.0
0.0
0.0
0.0
0.0
0.0
0.0
0.0
0.0
0.0
0.0
0.0
0.0
0.0
0.0
0.0
0.0
0.0
0.0
0.0
0.0
0.0
0.0
0.0
0.0
0.0
0.0
0.0
0.0
0.0
0.0
0.0
0.0
0.0
0.0
0.0
0.0
0.0
105.022832945
126.98516262
0.0
0.0
0.0
0.0
0.0
0.0
88.6031645273
465.657761736
408.073302361
339.402389844
404.649869381
748.617174104
853.897525988
889.594802682
896.853262152
895.847027041
896.761209731
896.377921368
898.317092661
898.966760413
898.930867074
898.434925262
897.483418761
897.490152373
898.553260713
898.385461542
898.043826653
897.887708133
896.98457622
897.388925252
896.791638495
896.57647183
782.403065862
885.814278456
891.944403901
896.38118912
897.304200152
898.119091705
898.33008254
898.521112243
898.489666812
898.528780745
898.254813574
896.634533429
897.79502201
897.816454305
897.31021758
897.265264974
897.265128065
897.237079181
896.603832007
898.24134682
898.031986854
898.479867392
898.450853727
898.550912472
898.625275741
898.615051692
898.177160264
898.166940618
898.178745015
898.076495376
898.692228524
898.421679059
898.720630092
898.642319122
897.699622845
898.51955153
898.626833076
898.600471065
898.623480005
898.459167887
898.673898956
898.802440951
898.924469352
898.954204732
898.944206865
897.948604538
898.740852041
899.005444995
898.136102283
898.048351858
898.626746728
898.038031217
898.238702918
897.925060155
897.961657886
897.925997171
897.949980907
897.994585504
897.672416571
896.742589195
896.675751127
897.317620747
896.620417604
896.62238513
896.86603857
897.612793825
897.601651875
897.80229408
896.843346618
897.832355324
897.203864104
898.311847018
898.516120379
897.970697317
898.119329689
897.159570966
898.069485281
897.706768098
898.324134157
897.364265865
898.64107272
897.753688018
898.748876994
898.749510097
898.359462836
898.896132547
899.165349169
899.268240873
899.330398733
899.267456162
898.622477936
899.282584658
899.085195279
899.180341777
898.660005102
898.963335156
899.314331748
898.963902897
899.133824777
898.822473706
898.675259243
898.626808937
898.746105374
898.54494523
898.215504809
898.83728233
899.15824228
899.009474121
898.691382769
899.15824228
899.302415138
899.334621009
899.27698925
899.18736226
899.27248538
898.56844115
899.354896751
898.326135025
899.23218443
898.977627212
898.998111402
898.440928796
898.652943855
899.035985629
898.86370054
898.567614306
898.413336644
898.024821011
899.027587689
899.019831439
898.442176134
898.814677291
898.257814604
898.398191282
