0.0
0.0
0.0
0.0
0.0
0.0
0.0
0.0
0.0
0.0
0.0
0.0
0.0
0.0
0.0
0.0
0.0
0.0
0.0
0.0
0.0
0.0
0.0
0.0
0.0
0.0
0.0
0.0
0.0
0.0
0.0
0.0
0.0
0.0
0.0
0.0
0.0
0.0
0.0
0.0
0.0
0.0
0.0
0.0
0.0
0.0
0.0
0.0
0.0
0.0
0.0
0.0
0.0
0.0
0.0
0.0
0.0
0.0
0.0
0.0
0.0
0.0
0.0
0.0
0.0
0.0
0.0
0.0
0.0
0.0
0.0
0.0
0.0
0.0
0.0
0.0
0.0
0.0
0.0
0.0
0.0
0.0
0.0
0.0
0.0
0.0
0.0
0.0
0.0
0.0
0.0
0.0
0.0
0.0
0.0
0.0
0.0
0.0
0.0
0.0
0.0
0.0
0.0
0.0
0.0
0.0
0.0
0.0
0.0
0.0
0.0
0.0
0.0
0.0
0.0
0.0
0.0
0.0
0.0
0.0
0.0
0.0
0.0
0.0
0.0
0.0
0.0
0.0
0.0
0.0
0.0
0.0
0.0
0.0
0.0
0.0
0.0
0.0
0.0
0.0
0.0
0.0
0.0
0.0
0.0
0.0
0.0
0.0
0.0
0.0
0.0
0.0
0.0
0.0
0.0
0.0
0.0
0.0
0.0
0.0
0.0
0.0
0.0
0.0
0.0
0.0
0.0
0.0
0.0
0.0
0.0
0.0
0.0
0.0
0.0
0.0
0.0
0.0
0.0
0.0
0.0
0.0
0.0
0.0
0.0
0.0
0.0
0.0
0.0
0.0
0.0
0.0
0.0
0.0
0.0
0.0
0.0
0.0
0.0
0.0
0.0
0.0
0.0
0.0
0.0
0.0
0.0
0.0
0.0
0.0
0.0
0.0
0.0
0.0
0.0
0.0
0.0
0.0
0.0
0.0
0.0
0.0
0.0
0.0
0.0
0.0
0.0
0.0
0.0
0.0
0.0
0.0
0.0
0.0
0.0
0.0
0.0
0.0
0.0
0.0
0.0
0.0
0.0
0.0
0.0
0.0
0.0
0.0
0.0
0.0
0.0
0.0
0.0
0.0
0.0
0.0
0.0
0.0
0.0
0.0
0.0
0.0
0.0
0.0
0.0
0.0
0.0
0.0
0.0
0.0
0.0
0.0
0.0
0.0
0.0
0.0
0.0
0.0
0.0
0.0
0.0
0.0
0.0
0.0
0.0
0.0
0.0
0.0
0.0
0.0
0.0
0.0
0.0
0.0
0.0
0.0
0.0
0.0
0.0
0.0
0.0
0.0
0.0
0.0
0.0
0.0
0.0
0.0
0.0
0.0
0.0
0.0
0.0
0.0
0.0
0.0
0.0
0.0
0.0
0.0
0.0
0.0
0.0
0.0
0.0
0.0
0.0
0.0
0.0
0.0
0.0
0.0
0.0
0.0
0.0
0.0
0.0
0.0
0.0
0.0
0.0
0.0
0.0
0.0
0.0
0.0
0.0
0.0
0.0
0.0
0.0
0.0
0.0
0.0
0.0
0.0
0.0
0.0
0.0
0.0
0.0
0.0
0.0
0.0
0.0
0.0
0.0
0.0
0.0
0.0
0.0
0.0
0.0
0.0
0.0
0.0
0.0
0.0
0.0
0.0
0.0
0.0
0.0
0.0
0.0
0.0
0.0
0.0
0.0
0.0
0.0
0.0
0.0
0.0
0.0
0.0
0.0
0.0
0.0
0.0
0.0
0.0
0.0
0.0
0.0
0.0
0.0
0.0
0.0
0.0
0.0
0.0
0.0
0.0
0.0
0.0
0.0
0.0
0.0
0.0
0.0
0.0
0.0
0.0
0.0
0.0
0.0
0.0
0.0
0.0
0.0
0.0
0.0
0.0
0.0
0.0
0.0
0.0
0.0
0.0
0.0
0.0
0.0
0.0
0.0
0.0
0.0
0.0
0.0
0.0
0.0
0.0
0.0
0.0
0.0
0.0
0.0
0.0
0.0
0.0
0.0
0.0
0.0
0.0
0.0
0.0
0.0
0.0
0.0
0.0
0.0
0.0
0.0
0.0
0.0
0.0
0.0
0.0
0.0
0.0
0.0
0.0
0.0
0.0
0.0
0.0
0.0
0.0
0.0
0.0
0.0
0.0
0.0
0.0
0.0
0.0
0.0
0.0
0.0
0.0
0.0
0.0
0.0
0.0
0.0
0.0
0.0
0.0
0.0
0.0
0.0
0.0
0.0
0.0
0.0
0.0
0.0
0.0
0.0
0.0
0.0
0.0
0.0
0.0
0.0
0.0
0.0
0.0
0.0
0.0
0.0
0.0
0.0
0.0
0.0
0.0
0.0
0.0
0.0
0.0
0.0
0.0
0.0
0.0
0.0
0.0
0.0
0.0
0.0
0.0
0.0
0.0
0.0
0.0
0.0
0.0
0.0
0.0
0.0
0.0
0.0
0.0
0.0
0.0
0.0
0.0
0.0
0.0
0.0
0.0
0.0
0.0
0.0
0.0
0.0
0.0
0.0
0.0
0.0
0.0
0.0
0.0
0.0
0.0
0.0
0.0
0.0
0.0
0.0
0.0
0.0
0.0
0.0
0.0
0.0
0.0
0.0
0.0
0.0
0.0
0.0
0.0
0.0
0.0
0.0
0.0
0.0
0.0
0.0
0.0
0.0
0.0
0.0
0.0
0.0
0.0
0.0
0.0
0.0
0.0
0.0
0.0
0.0
0.0
0.0
0.0
0.0
0.0
412.24096815
466.787694166
476.384659601
476.72438359
479.008591966
490.926253418
490.926253418
490.926253418
490.926253418
490.926253418
490.926253418
490.926253418
490.926253418
490.926253418
490.926253418
490.926253418
396.601150291
458.332667298
458.332667298
469.22799153
470.890684426
470.890684426
470.890684426
470.890684426
476.901426993
476.901426993
478.381815971
478.381815971
478.426145279
484.179825155
484.179825155
484.179825155
490.054281397
490.054281397
492.867224171
492.867224171
492.867224171
492.867224171
492.867224171
492.867224171
492.867224171
492.867224171
492.867224171
494.682884051
494.682884051
494.682884051
494.682884051
494.682884051
494.682884051
505.199861901
505.199861901
505.199861901
505.199861901
505.199861901
505.199861901
505.199861901
505.199861901
505.199861901
505.199861901
505.199861901
505.199861901
505.199861901
505.199861901
505.199861901
505.199861901
505.349352056
506.690272617
506.690272617
506.690272617
506.690272617
506.690272617
506.690272617
506.690272617
506.690272617
506.690272617
506.690272617
506.690272617
506.690272617
506.690272617
506.690272617
506.690272617
506.690272617
506.690272617
506.690272617
506.690272617
506.690272617
506.690272617
506.690272617
506.690272617
506.690272617
506.690272617
506.690272617
506.690272617
506.690272617
506.690272617
506.690272617
506.690272617
506.690272617
506.690272617
506.690272617
506.690272617
506.690272617
506.768356005
506.768356005
506.768356005
506.768356005
506.768356005
506.768356005
506.768356005
506.768356005
506.768356005
506.768356005
506.768356005
506.768356005
506.768356005
506.768356005
506.768356005
506.768356005
506.768356005
506.768356005
506.768356005
506.768356005
506.768356005
506.768356005
506.768356005
507.875161225
507.875161225
507.875161225
507.875161225
507.875161225
507.875161225
507.875161225
507.875161225
507.875161225
507.875161225
507.875161225
507.875161225
507.875161225
507.875161225
507.875161225
507.875161225
507.875161225
507.875161225
507.875161225
507.875161225
507.875161225
507.875161225
507.875161225
507.875161225
507.875161225
507.875161225
507.875161225
507.875161225
507.875161225
507.875161225
507.875161225
507.875161225
507.875161225
507.875161225
507.875161225
507.875161225
507.875161225
507.875161225
507.875161225
507.875161225
507.875161225
507.875161225
507.875161225
507.875161225
507.875161225
507.875161225
507.875161225
507.875161225
507.875161225
507.875161225
507.875161225
507.875161225
507.875161225
507.875161225
507.875161225
507.875161225
507.875161225
507.875161225
507.875161225
507.875161225
507.875161225
507.875161225
507.875161225
507.875161225
507.875161225
507.875161225
507.875161225
507.875161225
507.875161225
507.875161225
507.875161225
507.875161225
507.875161225
507.875161225
507.875161225
507.875161225
507.875161225
507.875161225
507.875161225
507.911901995
507.911901995
507.911901995
509.233745759
509.233745759
509.233745759
509.233745759
509.233745759
509.233745759
509.233745759
510.348668408
510.348668408
510.348668408
510.348668408
510.348668408
510.348668408
510.348668408
510.348668408
510.348668408
510.348668408
510.348668408
510.348668408
510.348668408
510.348668408
510.348668408
510.348668408
510.348668408
510.348668408
510.348668408
510.348668408
511.938732684
511.938732684
511.938732684
511.938732684
511.938732684
511.938732684
511.938732684
511.938732684
511.938732684
511.938732684
511.938732684
511.938732684
511.938732684
511.938732684
511.938732684
511.938732684
511.938732684
511.938732684
511.938732684
511.938732684
511.938732684
511.938732684
511.938732684
511.938732684
511.938732684
511.938732684
511.938732684
511.938732684
511.938732684
511.938732684
511.938732684
511.938732684
511.938732684
511.938732684
511.938732684
511.938732684
512.380328944
512.380328944
512.380328944
512.380328944
512.380328944
512.380328944
512.380328944
512.380328944
512.380328944
512.380328944
512.380328944
512.380328944
512.380328944
512.380328944
512.380328944
512.380328944
512.380328944
512.380328944
512.380328944
512.380328944
512.380328944
512.380328944
512.380328944
512.380328944
512.380328944
512.380328944
512.380328944
512.380328944
512.380328944
512.380328944
512.380328944
512.380328944
512.380328944
512.380328944
512.380328944
512.380328944
512.380328944
512.380328944
512.380328944
512.380328944
512.380328944
512.380328944
512.380328944
512.380328944
512.380328944
512.380328944
512.380328944
512.380328944
512.380328944
512.380328944
512.380328944
512.380328944
512.380328944
512.380328944
512.380328944
512.380328944
512.380328944
512.380328944
512.380328944
512.380328944
512.380328944
512.380328944
512.380328944
512.380328944
512.380328944
512.380328944
512.380328944
512.380328944
512.380328944
512.380328944
512.380328944
512.380328944
512.380328944
512.380328944
512.380328944
512.380328944
512.380328944
512.380328944
512.380328944
512.380328944
512.380328944
512.380328944
512.380328944
512.380328944
512.380328944
512.380328944
512.380328944
512.380328944
512.380328944
512.380328944
512.380328944
512.380328944
512.380328944
512.380328944
512.380328944
512.380328944
512.380328944
512.380328944
512.380328944
512.380328944
512.380328944
512.380328944
512.380328944
512.380328944
512.380328944
512.380328944
512.380328944
512.380328944
512.380328944
512.380328944
512.380328944
512.380328944
512.380328944
512.380328944
512.380328944
512.380328944
512.380328944
512.380328944
512.380328944
512.380328944
512.380328944
512.380328944
512.380328944
512.380328944
512.380328944
512.380328944
512.380328944
512.380328944
512.380328944
512.380328944
512.380328944
512.380328944
512.380328944
512.380328944
512.380328944
512.380328944
512.380328944
512.380328944
512.380328944
514.69850857
514.69850857
514.69850857
514.69850857
514.69850857
514.69850857
514.69850857
514.69850857
514.69850857
514.69850857
514.69850857
514.69850857
514.69850857
514.69850857
514.937850303
514.937850303
514.937850303
514.937850303
514.937850303
514.937850303
514.937850303
514.937850303
514.937850303
514.937850303
514.937850303
514.937850303
514.937850303
514.937850303
514.937850303
514.937850303
514.937850303
514.937850303
514.937850303
514.937850303
514.937850303
514.937850303
514.937850303
514.937850303
514.937850303
514.937850303
514.937850303
514.937850303
514.937850303
514.937850303
514.937850303
514.937850303
514.937850303
514.937850303
514.937850303
514.937850303
514.937850303
514.937850303
514.937850303
514.937850303
514.937850303
514.937850303
514.937850303
514.937850303
514.937850303
514.937850303
514.937850303
514.937850303
514.937850303
514.937850303
514.937850303
514.937850303
514.937850303
514.937850303
514.937850303
514.937850303
514.937850303
514.937850303
514.937850303
514.937850303
514.937850303
514.937850303
514.937850303
514.937850303
514.937850303
514.937850303
514.937850303
514.937850303
514.937850303
514.937850303
514.937850303
514.937850303
514.937850303
514.937850303
514.937850303
514.937850303
514.937850303
514.937850303
514.937850303
514.937850303
514.937850303
514.937850303
514.937850303
514.937850303
514.937850303
514.937850303
514.937850303
514.937850303
514.937850303
514.937850303
514.937850303
514.937850303
514.937850303
514.937850303
514.937850303
514.937850303
514.937850303
514.937850303
514.937850303
514.937850303
514.937850303
514.937850303
514.937850303
514.937850303
514.937850303
514.937850303
514.937850303
514.937850303
514.937850303
514.937850303
514.937850303
514.937850303
514.937850303
514.937850303
514.937850303
514.937850303
514.937850303
514.937850303
514.937850303
514.937850303
514.937850303
514.937850303
514.937850303
514.937850303
514.937850303
514.937850303
514.937850303
514.937850303
514.937850303
514.937850303
514.937850303
514.937850303
514.937850303
514.937850303
514.937850303
514.937850303
514.937850303
514.937850303
514.937850303
514.937850303
514.937850303
514.937850303
514.937850303
514.937850303
514.937850303
514.937850303
514.937850303
514.937850303
514.937850303
514.937850303
514.937850303
514.937850303
514.937850303
514.937850303
516.385761739
516.385761739
516.385761739
516.385761739
516.385761739
516.385761739
516.385761739
516.385761739
516.385761739
516.385761739
516.385761739
516.385761739
516.385761739
516.385761739
516.385761739
516.385761739
516.385761739
516.385761739
516.385761739
516.385761739
516.385761739
516.385761739
516.385761739
516.385761739
516.385761739
516.385761739
516.385761739
516.385761739
516.385761739
516.385761739
516.385761739
516.385761739
516.385761739
516.385761739
516.385761739
516.385761739
516.385761739
516.385761739
516.385761739
516.385761739
516.385761739
516.385761739
516.385761739
516.385761739
516.385761739
516.385761739
516.385761739
516.385761739
516.385761739
516.385761739
516.385761739
516.385761739
516.385761739
516.385761739
516.385761739
516.385761739
516.385761739
516.385761739
516.385761739
516.385761739
516.385761739
516.385761739
516.385761739
516.385761739
516.385761739
516.385761739
516.385761739
516.385761739
516.385761739
516.385761739
516.385761739
516.385761739
516.385761739
516.385761739
516.385761739
516.385761739
516.385761739
516.385761739
516.385761739
516.385761739
516.385761739
516.385761739
516.385761739
516.385761739
516.385761739
516.385761739
516.385761739
516.385761739
516.385761739
516.385761739
516.385761739
516.385761739
516.385761739
516.385761739
516.385761739
516.385761739
516.385761739
516.385761739
516.385761739
516.385761739
516.385761739
516.385761739
516.385761739
516.385761739
516.385761739
516.385761739
516.385761739
516.385761739
516.385761739
516.385761739
516.385761739
516.385761739
516.385761739
516.385761739
516.385761739
516.385761739
516.385761739
516.385761739
516.385761739
516.385761739
516.385761739
516.385761739
516.385761739
516.385761739
516.385761739
516.385761739
516.385761739
516.385761739
516.385761739
516.385761739
516.385761739
516.385761739
516.385761739
516.385761739
516.385761739
516.385761739
516.385761739
516.385761739
516.385761739
516.385761739
516.385761739
516.385761739
516.385761739
516.385761739
516.385761739
516.385761739
516.385761739
516.385761739
516.385761739
516.385761739
516.385761739
516.385761739
516.385761739
516.385761739
516.385761739
516.385761739
516.385761739
516.385761739
516.385761739
516.385761739
516.385761739
516.385761739
516.385761739
516.385761739
516.385761739
516.385761739
516.385761739
516.385761739
516.385761739
516.385761739
516.385761739
516.385761739
516.385761739
516.385761739
516.385761739
516.385761739
516.385761739
516.385761739
516.385761739
516.385761739
516.385761739
516.385761739
516.385761739
516.385761739
516.385761739
516.385761739
516.385761739
516.385761739
516.385761739
516.385761739
516.385761739
516.385761739
516.385761739
516.385761739
516.385761739
516.385761739
516.385761739
516.385761739
516.385761739
516.385761739
516.385761739
516.385761739
516.385761739
516.385761739
516.385761739
516.385761739
516.385761739
516.385761739
516.385761739
516.385761739
516.385761739
516.385761739
516.385761739
516.385761739
516.385761739
516.385761739
516.385761739
516.385761739
516.385761739
516.385761739
516.385761739
516.385761739
516.385761739
516.385761739
516.385761739
516.385761739
516.385761739
516.385761739
516.385761739
516.385761739
516.385761739
516.385761739
516.385761739
516.385761739
516.385761739
516.385761739
516.385761739
516.385761739
516.385761739
516.385761739
516.385761739
516.385761739
516.385761739
516.385761739
516.385761739
516.385761739
516.385761739
518.127182906
518.127182906
518.127182906
518.127182906
518.127182906
518.127182906
518.127182906
518.127182906
518.127182906
518.127182906
518.127182906
518.127182906
518.127182906
518.127182906
518.127182906
518.127182906
518.127182906
518.127182906
518.127182906
518.127182906
518.127182906
518.127182906
518.127182906
518.127182906
518.127182906
518.127182906
518.127182906
518.127182906
518.127182906
518.127182906
518.127182906
518.127182906
518.127182906
518.127182906
518.127182906
518.127182906
518.127182906
518.127182906
518.127182906
518.127182906
518.127182906
518.127182906
518.127182906
518.127182906
518.127182906
518.127182906
518.127182906
518.127182906
518.127182906
518.127182906
518.127182906
518.127182906
518.127182906
518.127182906
518.127182906
518.127182906
518.127182906
518.127182906
518.127182906
518.127182906
518.127182906
518.127182906
518.127182906
518.127182906
518.127182906
518.127182906
518.127182906
518.127182906
518.127182906
518.127182906
518.127182906
518.127182906
518.127182906
518.127182906
518.127182906
518.127182906
518.127182906
518.127182906
518.127182906
518.127182906
518.127182906
518.127182906
518.127182906
518.127182906
518.127182906
518.127182906
518.127182906
518.127182906
518.127182906
518.127182906
518.127182906
518.127182906
518.127182906
518.127182906
518.127182906
518.127182906
518.127182906
518.127182906
518.127182906
518.127182906
518.127182906
518.127182906
518.127182906
518.127182906
518.127182906
518.127182906
518.127182906
518.127182906
518.127182906
518.127182906
518.127182906
518.127182906
518.127182906
518.127182906
518.127182906
518.127182906
518.127182906
518.127182906
518.127182906
518.127182906
518.127182906
518.127182906
518.127182906
518.127182906
518.127182906
518.127182906
518.127182906
518.127182906
518.127182906
518.127182906
518.127182906
518.127182906
518.127182906
518.127182906
518.127182906
518.127182906
518.127182906
518.127182906
518.127182906
518.127182906
518.127182906
518.127182906
518.127182906
518.127182906
518.127182906
518.127182906
518.127182906
518.127182906
518.127182906
518.127182906
518.127182906
518.127182906
518.127182906
518.127182906
518.127182906
518.127182906
518.127182906
518.127182906
518.127182906
518.127182906
518.127182906
518.127182906
518.127182906
518.127182906
518.127182906
518.127182906
518.127182906
518.127182906
518.127182906
518.127182906
518.127182906
518.127182906
518.127182906
518.127182906
518.127182906
518.127182906
518.127182906
518.127182906
518.127182906
518.127182906
518.127182906
518.127182906
518.127182906
518.127182906
518.127182906
518.127182906
518.127182906
518.127182906
518.127182906
518.127182906
518.127182906
518.127182906
